0.04
-29.00
1520.00
1691.00
60.00
0.52
107.00
-11.00
75.00
0.20
5.50
385.00
91.00
1804.00
-26.00
-18.00
5760.00
-15.00
12.00
94.00
6314.00
-67.00
1760.00
154.00
77.00
1849.00
5.12
26.00
108.00
1.00
51.00
46.00
1584.00
0.13
96.00
0.16
444.00
2.84
117.00
1.21
183.00
0.05
68.00
7.00
2.61
78.00
167.00
0.23
106.00
0.60
89.00
39.00
99.00
65.00
138.00
3822.00
351.00
166.00
117.00
66.00
113.00
6450.00
2.47
-34.00
-50.00
92.00
1739.00
173.00
22.00
1.73
0.34
148.00
28.00
2100.00
70.00
611.00
6417.00
60.00
4.44
0.44
3776.00
0.15
-1.00
432.00
0.28
-2.00
1360.00
103.00
15.00
4290.00
3.00
-24.00
31.00
118.00
-16.00
3.07
18.33
83.00
0.79
19.00
0.04
858.00
810.00
0.95
3276.00
-4.00
1872.00
1825.00
0.18
4140.00
2.54
0.15
2116.00
90.00
7396.00
1.11
15.00
0.20
15.00
3480.00
0.12
89.00
-65.00
7448.00
328.00
100.00
1.00
-63.00
6.91
160.00
4214.00
65.00
354.00
800.00
159.00
81.00
-8.00
1491.00
54.00
2.96
1802.00
1.46
0.68
7.31
2880.00
513.00
0.68
-24.00
3.14
1.62
486.00
2.78
0.72
0.70
94.00
0.39
19.00
-73.00
1.40
5.00
860.00
165.00
123.00
180.00
-32.00
82.00
68.00
0.08
146.00
16.00
169.00
2.00
23.00
0.02
1058.00
0.11
207.00
-18.00
1.08
256.00
149.00
96.00
78.00
6776.00
1785.00
-7.00
18.00
7900.00
1.31
1.13
4752.00
1.63
3240.00
8.00
3.00
54.00
-45.00
74.00
1.58
16.00
3104.00
0.13
-56.00
75.00
6888.00
1827.00
0.45
-73.00
23.00
112.00
0.33
108.00
155.00
7917.00
38.00
8.67
111.00
8004.00
-80.00
35.00
27.00
0.66
2475.00
159.00
33.00
58.00
1197.00
39.00
141.00
900.00
2030.00
146.00
7176.00
1.39
123.00
1.28
0.31
99.00
1.04
4.87
1.72
1.22
3.07
179.00
124.00
92.00
91.00
10.00
-35.00
89.00
120.00
34.00
-8.00
5.50
1722.00
15.00
-6.00
102.00
4608.00
97.00
2015.00
2755.00
-33.00
-22.00
0.80
0.56
1.46
57.00
6.13
2.38
9.00
111.00
8.00
0.24
92.00
-7.00
0.41
-8.00
24.00
8008.00
104.00
2.16
1.06
42.00
90.00
5312.00
3102.00
96.00
-81.00
0.58
3.53
-9.00
115.00
5390.00
117.00
2145.00
-3.00
36.00
-9.00
1.14
94.00
102.00
184.00
156.00
126.00
-65.00
4680.00
181.00
0.01
98.00
6.64
28.00
0.37
-6.00
151.00
0.33
5.71
2.27
60.00
-4.00
22.00
1.17
38.00
1.17
0.52
83.00
119.00
1.47
85.00
80.00
1.84
0.98
4355.00
109.00
0.98
1184.00
54.00
1.22
111.00
